// Per-piece (indexed by Piece enum), MG and EG
inline int PIECE_VALUES_MG[PIECE_COUNT] = {
    0, 100, 320, 330, 500, 900, 0,
       100, 320, 330, 500, 900, 0,
};
inline int PIECE_VALUES_EG[PIECE_COUNT] = {
    0, 100, 310, 330, 510, 900, 0,
       100, 310, 330, 510, 900, 0,
};

inline int PST_PAWN_MG[64] = {
     0,  0,  0,  0,  0,  0,  0,  0,
     5, 10, 10,-20,-20, 10, 10,  5,
     5, -5,-10,  0,  0,-10, -5,  5,
     0,  0,  0, 20, 20,  0,  0,  0,
     5,  5, 10, 25, 25, 10,  5,  5,
    10, 10, 20, 30, 30, 20, 10, 10,
    50, 50, 50, 50, 50, 50, 50, 50,
     0,  0,  0,  0,  0,  0,  0,  0,
};
inline int PST_PAWN_EG[64] = {
     0,  0,  0,  0,  0,  0,  0,  0,
    10, 15, 15, -5, -5, 15, 15, 10,
    10,  0,  0, 10, 10,  0,  0, 10,
     5,  5, 10, 20, 20, 10,  5,  5,
    10, 10, 20, 30, 30, 20, 10, 10,
    20, 20, 30, 40, 40, 30, 20, 20,
    60, 60, 60, 60, 60, 60, 60, 60,
     0,  0,  0,  0,  0,  0,  0,  0,
};
inline int PST_KNIGHT_MG[64] = {
    -50,-40,-30,-30,-30,-30,-40,-50,
    -40,-20,  0,  5,  5,  0,-20,-40,
    -30,  5, 10, 15, 15, 10,  5,-30,
    -30,  0, 15, 20, 20, 15,  0,-30,
    -30,  5, 15, 20, 20, 15,  5,-30,
    -30,  0, 10, 15, 15, 10,  0,-30,
    -40,-20,  0,  0,  0,  0,-20,-40,
    -50,-40,-30,-30,-30,-30,-40,-50,
};
inline int PST_KNIGHT_EG[64] = {
    -40,-30,-20,-20,-20,-20,-30,-40,
    -30,-10,  0,  5,  5,  0,-10,-30,
    -20,  5, 10, 15, 15, 10,  5,-20,
    -20,  0, 15, 20, 20, 15,  0,-20,
    -20,  5, 15, 20, 20, 15,  5,-20,
    -20,  0, 10, 15, 15, 10,  0,-20,
    -30,-10,  0,  0,  0,  0,-10,-30,
    -40,-30,-20,-20,-20,-20,-30,-40,
};
inline int PST_BISHOP_MG[64] = {
    -20,-10,-10,-10,-10,-10,-10,-20,
    -10,  5,  0,  0,  0,  0,  5,-10,
    -10, 10, 10, 10, 10, 10, 10,-10,
    -10,  0, 10, 10, 10, 10,  0,-10,
    -10,  5,  5, 10, 10,  5,  5,-10,
    -10,  0,  5, 10, 10,  5,  0,-10,
    -10,  0,  0,  0,  0,  0,  0,-10,
    -20,-10,-10,-10,-10,-10,-10,-20,
};
inline int PST_BISHOP_EG[64] = {
    -15,-10,-10,-10,-10,-10,-10,-15,
    -10,  5,  0,  0,  0,  0,  5,-10,
    -10, 10, 10, 10, 10, 10, 10,-10,
    -10,  0, 10, 10, 10, 10,  0,-10,
    -10,  5,  5, 10, 10,  5,  5,-10,
    -10,  0,  5, 10, 10,  5,  0,-10,
    -10,  0,  0,  0,  0,  0,  0,-10,
    -15,-10,-10,-10,-10,-10,-10,-15,
};
inline int PST_ROOK_MG[64] = {
      0,  0,  0,  5,  5,  0,  0,  0,
     -5,  0,  0,  0,  0,  0,  0, -5,
     -5,  0,  0,  0,  0,  0,  0, -5,
     -5,  0,  0,  0,  0,  0,  0, -5,
     -5,  0,  0,  0,  0,  0,  0, -5,
     -5,  0,  0,  0,  0,  0,  0, -5,
      5, 10, 10, 10, 10, 10, 10,  5,
      0,  0,  0,  0,  0,  0,  0,  0,
};
inline int PST_ROOK_EG[64] = {
    5,  5,  5, 10, 10,  5,  5,  5,
    0,  0,  0,  5,  5,  0,  0,  0,
    0,  0,  0,  5,  5,  0,  0,  0,
    0,  0,  0,  5,  5,  0,  0,  0,
    0,  0,  0,  5,  5,  0,  0,  0,
    0,  0,  0,  5,  5,  0,  0,  0,
   10, 10, 10, 15, 15, 10, 10, 10,
    5,  5,  5, 10, 10,  5,  5,  5,
};
inline int PST_QUEEN_MG[64] = {
    -20,-10,-10, -5, -5,-10,-10,-20,
    -10,  0,  5,  0,  0,  0,  0,-10,
    -10,  5,  5,  5,  5,  5,  0,-10,
      0,  0,  5,  5,  5,  5,  0, -5,
     -5,  0,  5,  5,  5,  5,  0, -5,
    -10,  0,  5,  5,  5,  5,  0,-10,
    -10,  0,  0,  0,  0,  0,  0,-10,
    -20,-10,-10, -5, -5,-10,-10,-20,
};
inline int PST_QUEEN_EG[64] = {
    -10, -5, -5, -5, -5, -5, -5,-10,
     -5,  0,  5,  5,  5,  5,  0, -5,
     -5,  5, 10, 10, 10, 10,  5, -5,
     -5,  0, 10, 15, 15, 10,  0, -5,
     -5,  0, 10, 15, 15, 10,  0, -5,
     -5,  5, 10, 10, 10, 10,  5, -5,
     -5,  0,  5,  5,  5,  5,  0, -5,
    -10, -5, -5, -5, -5, -5, -5,-10,
};
inline int PST_KING_MG[64] = {
     20, 30, 10,  0,  0, 10, 30, 20,
     20, 20,  0,  0,  0,  0, 20, 20,
    -10,-20,-20,-20,-20,-20,-20,-10,
    -20,-30,-30,-40,-40,-30,-30,-20,
    -30,-40,-40,-50,-50,-40,-40,-30,
    -30,-40,-40,-50,-50,-40,-40,-30,
    -30,-40,-40,-50,-50,-40,-40,-30,
    -30,-40,-40,-50,-50,-40,-40,-30,
};
inline int PST_KING_EG[64] = {
    -50,-30,-30,-30,-30,-30,-30,-50,
    -30,-30,  0,  0,  0,  0,-30,-30,
    -30,-10, 20, 30, 30, 20,-10,-30,
    -30,-10, 30, 40, 40, 30,-10,-30,
    -30,-10, 30, 40, 40, 30,-10,-30,
    -30,-10, 20, 30, 30, 20,-10,-30,
    -30,-20,-10,  0,  0,-10,-20,-30,
    -50,-40,-30,-20,-20,-30,-40,-50,
};

inline int PASSED_PAWN_BONUS_MG[8] = { 0,  5, 10, 20,  30,  50,  70, 0 }; //
inline int PASSED_PAWN_BONUS_EG[8] = { 0, 10, 20, 40,  60,  90, 120, 0 }; //

inline int CANDIDATE_PAWN_BONUS_MG   =  8; //
inline int CANDIDATE_PAWN_BONUS_EG   = 12; //
inline int CONNECTED_PASSED_BONUS_MG = 10; //
inline int CONNECTED_PASSED_BONUS_EG = 18; //
inline int OUTSIDE_PASSED_BONUS_MG   =  8; //
inline int OUTSIDE_PASSED_BONUS_EG   = 20; //
